146
178
2665
265
156
1183
382
127
2100
467
224
1176
229
6495
711
134
7038
733
155
3341
207
920
776
222
1161
786
160
5450
829
3155
4319
924
5965
6411
1077
98
6410
159
3262
1121
890
1145
56
4548
1146
1163
191
5037
1179
5263
1273
6165
1434
38
91
1443
1154
2160
3313
2274
157
2300
2290
169
2658
5613
2525
3724
2624
53
5736
105
5323
175
2695
6823
2705
4208
2775
1169
7053
3162
3186
0
959
1272
3232
142
7075
3450
177
3535
18
65
3629
87
3758
2
3159
3800
185
3825
3922
4271
3987
4069
3885
6111
4084
238
4262
4383
163
1375
4393
3912
4412
6795
4417
4484
4616
4635
123
4702
4716
6
985
4404
5046
5244
4534
5202
1122
5423
6994
150
173
1464
5441
448
5447
1140
5463
5496
5682
5661
86
170
5678
63
165
6635
5788
5884
2083
208
2460
6332
6407
4286
6422
5370
61
6665
1971
6785
2457
6794
1148
6711
4020
5
3931
39
680
45
545
49
174
5319
293
2753
5584
6344
103
745
873
4407
921
1188
925
1013
6047
2442
4313
5196
1109
6861
115
226
5094
4114
145
1181
1189
1215
5395
1276
1384
1446
1477
7006
1496
4274
1736
479
5327
1918
2234
2084
2104
779
5012
2814
2620
1587
2666
5807
2668
5540
2671
3209
2701
3873
2790
4024
3158
4576
4346
3211
1060
3269
3283
2697
3358
3465
171
6083
3824
29
5154
4154
4187
679
4188
4197
20
4304
2973
6091
4339
4377
2996
202
5171
4453
5455
4501
4463
90
5182
4468
228
4558
363
158
4594
4597
2444
4769
4994
4620
5297
5344
5431
6999
5437
1474
59
1599
6627
4265
223
5497
4001
5648
558
41
5262
3137
5719
5782
5800
6098
5246
2445
6556
55
5219
6639
5300
24
2455
6979
6856
2430
6866
6891
6978
6568
2427
13
1626
74
766
151
599
4475
362
4617
497
1297
671
120
215
2278
42
6520
2683
1603
137
2314
4415
4482
69
5474
1287
1353
1445
1160
6504
2242
2249
2287
1642
2317
2417
3002
212
2637
2642
2980
3165
3245
2999
3380
3381
4969
139
3015
3572
3703
1203
3995
1156
4004
4240
52
1171
1677
57
1503
148
4423
5838
4478
4562
4373
4571
190
4827
4918
2202
5004
5291
6435
5158
241
5189
1509
143
3068
5250
2686
5461
3874
6636
5739
5925
6438
2449
6808
7044
2978
101
587
180
5036
246
454
4457
531
5305
3122
649
833
1718
929
1115
6291
1620
664
205
7021
1318
1466
1731
4955
1886
4488
5116
2065
2241
2545
2609
6831
2723
3076
4613
3197
5398
3677
6293
1777
3727
3393
3741
6296
3884
6044
4269
3984
167
4374
5432
4455
4416
4517
4544
6284
4612
1515
2207
46
5128
2908
1349
5458
5674
5520
213
3136
5828
5429
6317
1977
3010
6872
425
110
509
1592
762
1173
780
1500
6155
1519
4292
1928
4019
2266
6348
2798
2988
2823
4515
566
3264
3675
3905
4011
4082
5480
47
4443
4556
6252
4580
1974
4845
154
5120
5281
5471
4950
4283
5484
4725
5498
4368
5527
5742
5596
182
917
6094
6148
645
6159
4431
176
6254
6321
6717
6805
44
3926
188
359
5421
455
4397
594
2648
811
854
4621
36
1086
34
5377
1133
2414
1138
2419
657
3592
6956
2694
1175
5261
4810
1185
1520
1281
3867
1643
2570
1700
1794
2618
1947
1954
2034
2186
206
2194
2243
2262
2268
162
6699
2403
2404
1523
2410
2446
2651
2733
422
2830
2896
2926
33
131
3305
6122
4822
3446
4688
3468
5553
3483
6379
216
3716
3601
3742
3871
4036
4051
1463
4096
5243
4224
4245
189
4408
4284
4411
4438
197
4500
4261
4631
4747
5013
3706
5177
4506
107
5454
4264
867
5470
4277
219
2967
5492
1139
5572
3095
5801
5814
5924
6792
6179
6214
6349
6355
2862
128
6449
6644
6780
4605
6888
1945
6917
5260
3233
4175
2433
6834
327
5940
444
544
611
639
2997
2985
10
4233
60
6012
1436
1953
1957
6523
2040
2103
2137
2183
698
2224
2265
2272
2527
22
871
2770
1396
2844
5226
2974
4030
3149
3241
5040
3532
3616
3589
3691
1283
6211
3911
4133
3996
4029
4355
4108
4130
5195
4185
62
6852
4512
4609
4664
6017
4807
4904
5150
1128
5163
7001
5396
51
5487
102
5716
6054
6417
6078
1767
6161
520
6506
1581
6544
6802
3979
6890
6950
284
315
6479
450
503
5812
568
3759
4318
818
885
130
1469
6080
3430
2889
64
2461
1222
2561
4939
1427
3750
4250
1615
1706
1837
1873
3102
6397
1891
4545
141
7007
5827
2381
3933
97
6733
2667
2719
129
5832
2805
660
1733
3213
3424
6250
3447
1454
3494
3600
3686
3769
4065
4138
4205
4334
4239
4324
7025
1265
8
4838
121
4893
4972
4995
1683
5042
5088
5008
5373
5197
727
5449
5971
5653
5901
2576
5997
6309
6977
15
93
2437
133
1152
323
714
335
6350
2796
715
826
3331
956
6967
116
1751
168
3540
6384
1182
6193
1456
1347
1527
1662
2420
5041
2032
2097
2477
2256
5173
3929
5187
2273
2299
4
6220
4989
2488
2533
2560
2594
5507
2650
3613
2654
729
2704
3127
2906
3012
5913
3161
3184
3234
5332
5556
5092
3566
3478
3511
1482
3697
3879
27
3928
3969
4060
4074
4088
4165
4723
4516
4600
5900
4760
4833
4210
4851
196
5210
5264
5762
5385
1628
5397
4418
5453
4263
5457
1150
5466
1157
5607
5767
1536
6030
6146
4290
6157
2495
6258
6262
6597
6661
782
6715
77
264
453
604
669
2175
847
948
1553
976
3210
3409
1130
1135
5757
6583
4783
5091
3013
1385
319
1418
1762
1793
1819
6367
2236
2672
2315
4572
2550
3619
3678
2574
5232
914
2728
2786
2855
2924
5039
1484
3164
2547
3250
203
6052
5885
3378
3546
89
3590
2415
3669
3746
3757
3411
3897
3904
4087
4093
5258
4212
1534
4567
5240
4601
278
6403
5108
5184
6345
5422
2941
5730
5778
6889
6398
6881
6873
525
40
3119
4045
7047
2769
1716
1763
2051
2066
2255
5532
2682
2423
4694
3014
3990
3415
3530
5119
3839
7086
5760
4871
4808
3080
3007
5433
164
5565
4043
6089
17
588
2678
396
443
537
5367
4897
837
5199
6257
1105
1170
6903
5858
869
1531
1826
6494
1828
1866
1883
2070
6565
2281
2661
3715
2818
1308
2887
3100
172
5352
3604
1217
3701
4385
3878
7076
50
4349
4451
5185
6909
4044
5296
5436
4255
7004
5451
1486
6026
846
6166
6509
3645
3734
7042
7011
804
35
5135
4908
166
934
225
260
605
659
5034
728
2581
759
927
2327
122
1832
4642
2840
3489
6195
1245
1389
1653
1755
4035
1923
2259
7098
1874
2526
2598
5912
2839
2912
3666
3038
3133
5408
3413
6245
3484
3503
2966
3651
3717
3918
3943
5440
4078
838
4089
6413
4151
4323
4569
4607
310
4706
4842
3521
5366
4993
5020
85
5161
5446
6832
2230
5288
5476
5705
5755
1439
6215
1426
2922
6351
6508
6511
6607
4866
6987
7071
96
2453
6559
416
6991
464
613
724
754
5427
862
2950
1056
3766
5001
3963
1144
6895
2142
1205
1286
1459
3728
1521
1807
1813
1896
1915
3142
2246
2253
2928
1579
2663
2684
2699
4599
3057
3139
3841
3145
31
200
2791
5745
3681
708
3726
3986
4192
876
4297
1435
4507
3253
5241
4823
6871
5389
5393
814
149
5582
1880
6812
4388
7045
4539
354
5356
2603
161
1591
368
3472
2435
480
922
346
1136
6570
1180
1221
1593
1600
2082
1604
195
1618
1735
1830
1913
2106
2213
2248
2277
2296
2349
2546
2182
2700
1167
3072
2584
3641
3512
3523
3536
3657
5551
3760
6124
3870
3896
3908
4171
7005
6112
4606
144
6955
5002
267
1147
5223
5249
5667
7013
1990
5488
5495
3177
2524
5978
6015
6129
6698
6172
6362
5409
6421
6396
6535
6477
6592
6783
7089
691
4017
329
3375
433
442
5996
4064
1595
6640
882
2639
6796
1588
4495
2086
280
4720
1444
1529
4285
1552
1566
1315
1885
1912
6862
1914
2425
2011
2143
2271
1361
2582
3261
2590
5114
2702
6360
2712
2816
4080
2995
702
5186
3285
3163
6771
6302
3267
3562
3685
6993
5681
3872
4071
4189
4293
4437
6329
1069
4513
6170
4660
6200
5936
4963
5105
5483
1808
4879
5695
5847
5992
6134
6260
6324
3812
6372
6460
6969
4119
239
5400
300
487
1711
3910
999
2562
1212
2776
1825
2873
5069
2379
858
2596
1141
6105
2863
1225
3322
3391
2846
3410
3543
3617
3790
4270
4805
4063
6140
4278
3785
67
4396
1155
4409
6490
4855
5194
5111
5425
1124
1473
5522
2698
5628
5825
3556
2204
5948
5969
5991
6208
5127
6436
6768
6959
5284
308
4696
651
2676
810
2655
2454
227
1193
1659
1841
1949
1956
4302
2481
6364
3919
3573
4094
2730
4217
4294
1052
4354
4661
5137
5153
475
6137
6274
6510
7052
7069
5233
889
2039
1356
1973
5270
2074
3168
3408
6085
856
3721
5481
4479
5218
5278
5559
2713
72
5984
6247
2717
6478
1867
6590
1489
6778
1668
3621
270
287
6718
875
644
928
1000
4837
1087
4627
978
6743
1168
5228
1395
1196
6234
1471
4254
201
1528
1694
1754
6519
2157
2507
2438
5414
54
3534
7084
2739
4975
2880
2904
4718
6525
3451
3852
6730
6746
3950
3976
4090
6677
4196
6074
4216
4249
4362
6483
4588
5895
4663
4988
5010
6084
1640
5290
37
5342
5401
5417
5438
4666
7009
5734
5880
5926
6687
6767
849
6896
7102
3495
136
263
2385
819
848
2456
3284
7003
1098
4778
1280
1357
1408
1774
1860
1892
1898
2077
2078
2708
2408
2459
6816
2600
2982
3077
1166
5542
3222
3332
3374
3394
3454
3504
3723
3822
3560
4145
4246
4433
4584
6786
5899
2452
4724
3527
1670
5473
6908
1386
5781
5896
2138
6443
6925
355
1125
179
262
899
373
2251
474
540
5227
735
7110
951
1008
3700
1235
6804
183
5533
1596
4632
1631
4100
1729
2014
4372
6240
2577
1213
2601
2652
3011
2909
6540
147
6624
3344
3555
3659
3731
3936
3945
3725
4333
4740
4919
4402
5193
5677
2366
6063
4361
6298
2610
6561
6714
4959
554
646
654
809
817
4622
930
1965
3663
1749
1829
124
2198
2795
2494
1371
2714
2592
2732
5179
5478
2931
3126
2608
7066
3401
3084
198
3606
4819
3676
6182
3828
4097
6709
4330
4375
4257
4399
4480
461
5230
5403
3633
5439
7015
6135
6975
5560
5740
6058
6402
6642
6691
431
595
4219
3185
763
880
3654
25
1257
1226
1402
5469
1609
3525
1748
1085
2196
4623
2283
3714
1066
5364
2674
2418
2677
4947
2780
3682
2936
3059
4384
3263
3402
1078
4007
4032
4039
4095
2439
4150
3982
4177
1304
527
4504
4782
4630
4852
5190
5238
1573
5315
5485
1511
5694
1478
5761
5906
5987
6445
6719
6774
6817
209
242
330
421
4789
1417
4370
1942
1846
2267
5909
2555
2633
2783
3087
3548
3595
4582
3808
3892
1116
5082
4085
4549
4593
1497
6409
5524
4615
5756
1827
1416
6370
825
471
1220
181
2037
2062
78
4721
2688
2432
2690
3361
4700
4734
4982
5026
2613
5574
5907
6103
6547
6696
3773
7082
5854
915
820
397
492
2932
3889
1414
998
1986
2857
5645
1233
1240
1392
1582
2517
1776
1801
1882
1903
1932
3459
3154
2280
6223
2282
2405
684
2345
2492
2619
3767
3089
3205
3448
4748
3461
3719
4052
4143
4356
5077
4466
4689
4732
4816
4915
571
5028
6800
5388
1462
5709
5759
5384
5787
5966
6000
6113
6126
6537
5518
6742
6962
726
7109
4050
2501
609
747
748
2440
3581
5598
2662
1571
888
2621
3309
2917
1354
3508
3537
4247
6144
4503
4337
4547
6043
5061
2763
5071
5144
5360
2923
2448
2473
1050
5456
1149
5462
3017
1994
5502
126
1741
5541
5779
6173
6557
1048
294
349
415
451
634
6406
4636
1811
1690
9
1916
1940
697
2102
4059
2105
975
140
2557
3680
2709
2848
3117
3509
3674
918
3970
4960
6912
798
4449
6310
4707
4766
4912
5081
5337
58
7016
6088
5802
6299
6361
5923
6395
3668
2935
99
6914
830
1972
6022
3498
1018
4244
712
2746
1820
1895
1864
2052
2125
2386
4521
1479
2629
2646
2673
2888
2993
3029
3173
6095
3307
3353
2664
3502
3599
1823
3941
3994
4070
4172
6799
4068
6188
2145
6720
95
5038
1508
4764
6563
5887
4608
6377
6426
1788
252
325
3753
466
555
661
6996
736
935
1760
2351
4832
3735
1277
4280
7019
1567
6971
2111
2216
6995
2284
2504
3635
3049
6346
3320
3440
3720
3843
3438
3780
4132
4203
1250
3981
1888
4183
4596
4834
4861
5072
5285
5563
5697
5920
6096
6152
6656
1641
7070
7127
913
5957
4353
2022
1539
138
2490
3612
1722
3811
4444
4973
5424
3807
5930
6726
6042
6099
1134
6585
269
859
905
1321
1779
1791
5044
1909
2264
2898
2737
2413
3432
3442
4163
3406
88
4754
100
82
1202
194
380
6123
607
1120
974
1199
2991
1219
1943
2058
4704
2611
3086
6578
3788
3921
4378
4401
6905
4603
7023
6053
4836
5413
2389
5434
1094
5490
4289
6239
2321
6213
132
1876
517
1602
600
741
807
831
878
2402
1106
1294
1586
5831
1699
4921
3347
2151
2360
1638
286
3586
6753
3045
3501
3603
5905
3698
5444
3877
6392
5516
4140
4141
23
4320
1218
4473
4474
2689
2632
4996
5292
7022
5390
5536
94
6038
6243
6295
6313
6354
6542
1879
289
302
307
1379
1053
626
953
6763
1090
3710
6669
5341
1625
4922
1833
1843
1854
1959
5809
6727
5908
2368
3101
6467
3147
3473
6119
1540
3563
5486
3722
4237
3783
2765
4135
4147
4514
437
4717
4025
5349
5599
5753
5656
5785
6115
6788
326
5491
4538
12
1081
3754
1988
5731
83
1869
4307
1374
187
4434
1548
3805
4867
1621
3215
1955
1742
1787
5931
1927
5509
1937
1040
2121
5147
1856
6587
4382
1855
623
2801
3054
3300
1224
6527
3639
2099
4209
4987
4992
5271
5140
1802
5500
3608
5784
5773
5975
6480
6545
6760
6882
292
66
530
620
1041
1924
1143
2422
2902
1010
2063
2298
2409
4364
2643
3053
971
3362
3443
4021
3544
3781
3834
6338
1704
4575
5107
4461
4860
5025
5267
6090
6927
1255
6108
6471
6900
601
5283
4809
1377
1421
1611
1844
2064
6992
1851
5859
3368
3539
3564
3538
3776
3934
4028
4040
4066
432
5101
5666
6566
6765
6964
7101
409
2920
6608
628
2474
907
5722
6278
1958
118
3171
3170
3360
4925
3859
3018
1518
3702
2625
4329
351
383
662
791
883
3169
5011
1268
1300
1337
1452
1492
28
1946
1978
1983
2048
6183
374
14
2297
2491
2522
2640
2729
4110
2767
2868
3050
3733
3491
3569
3620
3660
3664
1551
3694
5310
3806
4033
4073
910
4122
4456
1806
4619
4940
5426
806
2943
5275
3000
4123
5642
4935
6358
4358
1881
6660
3640
21
276
277
1030
6690
1111
1270
113
3748
4976
6304
1612
1666
6926
2031
2365
6580
11
2645
81
2852
3310
4578
3399
3437
4400
460
4432
4581
6328
4825
6306
3587
5489
4288
6671
6138
6271
6376
6424
6227
7067
2098
6312
2897
5321
5138
828
834
1455
1698
5172
6738
2774
2794
4817
3112
3103
3156
4048
6749
2921
3968
6579
1686
4525
4749
5893
3923
6437
6496
6941
5915
5339
288
5904
423
496
615
785
4587
5136
1355
1457
1675
2724
4610
2348
4983
2727
2768
3172
3268
3445
6369
543
5806
4537
4445
4553
6745
4814
3037
4929
5175
7046
4282
5668
6267
6352
6614
2411
6330
249
3434
1979
744
802
1554
919
982
2953
5203
1651
4944
2979
7048
2854
2659
5512
494
2809
4426
3140
3277
80
3392
4998
3419
1401
2797
6192
3764
4458
6573
5168
5452
6747
2469
339
2994
652
768
1074
4098
1346
1370
1488
1051
813
2856
5306
4012
5792
6724
703
3457
5157
5690
452
6187
5501
3888
5894
6212
6850
32
621
6921
1765
506
365
6048
3040
3051
4477
4560
4737
5922
6481
2669
827
19
5208
6465
904
217
861
16
111
6653
1472
1480
1614
2033
6712
2375
2579
2407
4559
1513
3809
1975
2792
3182
3243
3862
7010
3425
2087
3607
3942
4079
603
4221
4229
7
4343
4693
4798
4865
2030
5650
6120
5993
6169
4118
6336
5274
6491
6543
6693
3377
6973
3925
567
2707
2114
4648
6276
1584
3895
3774
2751
5152
2891
6892
3299
4047
3417
3708
523
1950
4199
4325
4414
4498
1080
4650
6546
4674
5733
7029
5206
1351
1071
995
5530
4773
6097
7064
6439
6637
6944
1338
26
340
541
1165
413
580
4251
695
2377
1590
1569
1847
3542
2235
2395
6623
4868
3830
2977
3431
909
3475
3524
3274
4146
4157
4158
4296
4470
441
5547
4731
1380
5095
964
5121
5176
5479
1739
5712
5929
5358
6194
4762
6567
6679
6704
7099
244
1162
839
3801
1127
3219
1431
4970
1635
1682
5075
1710
968
1872
1059
2529
2388
6705
853
2333
2627
2534
2653
5833
2867
5247
3927
1669
4184
1906
347
4849
4920
5688
5236
5702
6057
6118
5340
6893
648
1870
824
3066
997
1204
1900
3598
2237
2335
2471
2710
3206
2865
2886
2938
4194
1137
4459
4403
4618
2715
5911
4767
5686
5758
4381
4804
6493
6688
6697
84
3631
516
532
730
3876
1525
5754
2269
6828
3840
3886
4448
4854
6371
5514
6965
6308
114
536
1003
4342
5282
2219
2222
5849
5824
5932
6027
6270
6433
3441
2820
5511
3779
1364
3857
1368
1535
6751
1672
4227
2181
6005
109
3131
2482
1863
6758
3453
3462
3553
5994
3782
4668
204
6610
4913
5130
5343
5149
6539
5612
5625
6657
2416
638
5857
1259
1036
6199
2397
6684
1549
7043
5007
2336
297
3954
462
1249
1253
3023
4936
1661
5097
3770
1757
1246
2240
2250
6484
2468
2718
3778
3326
1092
4774
4828
7093
3513
5982
4317
4794
4896
5467
6485
6932
5658
234
268
539
4712
1804
559
5777
4127
1373
1453
1194
1044
2752
5054
3460
3845
5963
4053
1465
2480
4167
4379
6062
5174
5435
4258
5818
6067
1999
104
6394
6551
6949
296
394
5652
610
757
2537
865
986
6461
1046
5448
1118
1190
2215
1717
2109
2110
2263
3405
6855
2861
3271
3570
3814
2159
2543
4727
6210
5067
5428
5585
5654
6070
6186
2135
5165
428
1089
1104
5526
1192
1726
2218
1859
2270
586
3988
2553
3280
2866
3577
2614
2832
6748
4937
6946
896
5132
1184
5482
4472
5933
3960
6093
7087
4295
1132
4366
5891
2004
2080
3192
2226
2540
3179
7020
4511
5387
2969
4923
5066
4598
1772
298
505
6613
4299
2330
694
3775
76
3199
6167
4796
507
5164
4439
5869
6876
653
777
4951
4812
3605
1542
2021
3201
2485
3065
3116
3200
3295
3955
1061
4901
5571
5798
6023
5394
6741
1367
4564
2355
406
439
5442
678
843
3294
2146
5465
1336
1647
1985
2362
218
1657
2847
4174
4008
483
6939
6529
4736
4903
5000
5981
5735
6046
6703
4670
6739
6980
794
864
4367
1339
2169
2231
233
2914
2927
6630
3558
3582
4076
4359
6401
4882
1254
6259
4202
70
5100
3875
478
801
1341
4000
687
2005
2042
2170
2223
112
3948
2421
4869
3791
2324
4493
5375
2516
5392
1067
6503
5865
4469
6343
6365
3648
5949
803
3683
1781
4532
2331
3690
3390
7028
500
2364
3932
6634
6974
4410
3
6303
1242
1403
3196
3474
3500
690
598
5031
5863
250
5198
6814
7027
5868
2163
5776
5254
1893
3272
5268
4591
5112
2518
5663
6505
2784
231
677
4248
1743
1025
1129
75
4781
1159
7002
1261
5531
2036
2120
2344
2245
2091
3796
4395
7014
2762
4802
5229
6383
5883
906
435
5110
5797
5889
2509
1323
2955
1925
1123
2293
6231
2356
1178
2451
789
2670
6393
2806
2589
3020
3032
6488
4279
4905
5180
5738
6125
3005
572
6844
795
5549
1405
5990
7051
6061
3661
350
449
1038
3036
1153
737
4489
778
1564
5587
6008
1639
2156
2656
6359
1398
2726
2829
5160
1311
3328
1316
4711
4169
4481
4491
4917
5068
629
6092
6825
6018
6104
6764
840
125
4801
6744
583
937
2831
3585
1494
71
5235
1761
2812
3044
3060
6003
5051
3325
3838
6787
6300
4363
4626
1678
5791
6552
5879
5947
6209
301
275
420
1039
755
841
2447
389
5151
3626
4301
1391
6773
4953
3229
7036
5239
256
3817
3864
4113
5561
4345
4691
6156
5109
2369
6459
6769
1234
1177
1516
2532
3150
3866
3833
5927
6143
43
966
993
6919
5289
1197
3429
3815
5558
4779
2026
2556
6297
1782
552
6248
6327
6654
944
1441
3709
1589
1372
2398
884
3813
4486
581
4850
3974
4193
4112
4900
5057
5303
719
5346
2286
771
1070
5615
5775
4870
6841
2675
7085
7126
1766
894
3611
3711
2001
6230
1594
1759
1933
5649
2304
2339
3237
3256
3395
395
5669
4709
4799
108
5372
135
5404
1834
4968
2956
6110
6885
290
5191
667
860
879
923
6562
6648
2930
2346
2626
6277
2554
4027
3671
2558
4531
4242
5029
5106
5294
4253
6127
6632
6801
6906
481
916
1623
1088
2843
2197
1547
2811
3153
3642
3644
4308
1982
5579
5079
5156
3009
5348
7058
5817
5853
7100
1732
633
5539
30
950
1721
2053
6982
2434
6176
1198
1570
1752
2450
3146
3207
6574
3452
5623
1049
3853
3998
5851
4103
1597
4629
4986
5170
1293
5143
4259
5961
6264
2893
4272
400
4926
1425
1773
3212
4115
1238
5651
5234
1805
6029
732
3486
245
6524
3396
3903
5363
4311
4533
4858
2374
1650
312
344
617
946
5796
2150
6501
2826
3144
3259
4945
3311
4641
4741
5419
5544
6087
4961
6728
5322
1093
681
1014
3684
1017
1097
2990
1207
1223
3947
2310
5855
2825
3336
3846
4061
4225
4316
5475
6531
4942
6820
6989
6586
259
551
5505
7018
781
48
1630
1789
1849
2657
2007
2049
2971
936
3533
4406
4738
4787
4015
5638
5611
6419
6621
996
426
445
972
902
6265
6109
2018
3333
1376
1839
2496
2693
6055
7065
2945
3673
3688
3977
2342
3762
4877
5257
4722
4957
5972
6066
6147
6154
6968
1996
6897
7118
4980
650
979
79
5405
2136
2233
2384
816
1310
3371
3423
3458
821
3554
4369
6025
5537
2958
3290
6954
6984
863
7059
2634
5744
1648
2115
2807
3356
456
6513
3705
5517
963
5525
1209
1939
1941
2319
2165
4031
3376
6683
6341
6813
1468
990
3293
6589
4614
1747
5252
2171
2301
2568
2813
3407
2076
5640
3739
3937
4075
4981
2864
4818
2209
5752
5493
6673
377
5696
5720
6281
6450
5464
949
2810
1252
1605
2108
313
2129
3744
689
2838
117
3418
4136
1812
4771
4803
1055
5672
5692
3844
6830
696
900
977
4421
6723
1546
1608
2038
2127
2597
1142
2800
6602
3549
4142
4931
1345
6315
4997
5665
6641
6162
6180
908
6839
6178
243
4394
364
367
2254
3820
1114
3316
1208
1264
1333
1616
2747
2043
2152
579
3287
3291
1962
4465
495
4729
1112
5945
5231
3490
6463
2580
4106
1701
2024
2679
2155
2860
2937
1064
3482
4300
3085
4566
5655
2535
5657
5861
6339
6782
6386
476
1023
1901
3989
3081
5711
5123
5169
186
2523
2602
2756
4844
4954
6880
5632
5876
328
371
585
3004
1458
1848
2090
1101
2322
573
2875
6079
3218
3971
6219
4173
4238
7030
4310
4419
4692
4853
5125
5819
6261
6388
1745
6948
274
7072
419
4231
1660
1770
4309
3167
1720
6399
2502
3335
5459
3221
3907
7074
6366
4003
6320
4376
5382
6970
6685
6706
4979
6803
7104
3439
404
477
783
835
6662
6849
1095
5027
5354
2009
2010
2680
4543
3672
6884
4634
1495
4124
5416
5357
6729
6735
4391
414
485
546
632
7031
5301
1029
1784
1680
1852
5630
2387
2835
3008
3063
6294
3849
5018
4117
1904
6750
6843
6870
6951
7119
6385
3653
4128
1158
1795
2061
4589
4005
4656
2799
2954
805
3868
4111
2925
2946
5614
5595
6913
7122
932
2208
7123
5951
3202
1285
2962
6907
1068
5575
2383
5320
361
734
784
1206
4389
1555
1753
272
1908
1998
7050
4497
2551
3227
3704
5892
1565
6588
4436
2370
3551
5566
5803
6224
434
2149
942
5503
1723
2822
5477
3324
3541
6879
3625
3810
4148
4522
4563
6441
870
6076
6572
6952
7040
717
772
3021
5567
1072
4101
1460
7077
3067
3148
3321
3428
3902
3967
4527
1047
4680
5543
5307
7092
6670
5874
3481
6451
6756
317
324
2758
493
1778
2497
2073
4843
2748
2691
3339
3230
1890
3997
4191
6497
6380
2911
3485
1387
1498
1058
1583
2309
2158
2167
2199
5365
3383
5523
3935
430
5528
4910
676
3203
5410
5616
5815
3120
3422
3231
3082
4585
6326
2740
3042
2685
3972
4932
2466
3016
3388
1406
4536
4705
5635
5693
5942
6014
637
844
2133
5279
1383
2870
2347
2373
5513
2782
6035
3420
3134
3022
4728
5024
6667
6356
2778
1865
3747
6464
6617
514
1894
2067
3151
6368
106
3692
3693
4083
5877
6020
6065
6447
6675
7055
2376
343
504
658
3816
6249
1327
1713
3056
3220
3414
3567
3594
4862
4204
2475
2960
5600
5763
5875
6218
68
390
955
7090
5312
1578
1695
2821
2968
3732
417
895
473
641
5866
4586
3279
4703
5063
5309
6305
6599
7125
1671
331
533
2989
4160
1491
1976
3041
2899
5641
4898
295
5550
5593
1073
1476
2057
1493
5837
6145
4602
3740
3992
6060
6168
3258
6736
378
490
1243
6006
501
3792
2363
2378
2901
1450
6659
5835
4911
4964
4350
6824
6036
6668
2472
6700
797
1034
1692
5732
2279
2742
4105
6622
3492
4125
4750
5724
5331
5472
5643
6273
6206
6375
6521
1423
1951
6452
1629
1989
5245
5378
3656
2426
1490
5662
723
563
4753
1186
1543
5577
2720
3993
4978
1502
2992
6174
6318
2361
5412
6846
636
2511
1079
2147
3097
1858
1514
5973
6381
4276
6762
709
720
752
6322
1487
2593
5166
7115
1862
4977
5691
725
751
4010
4186
2760
1619
1679
3367
3578
3574
3827
5086
5368
4207
4518
4928
4938
1857
5065
5142
5159
3772
6272
931
5266
1260
1533
6244
2913
3352
6676
2023
3978
4460
5786
6807
2229
2406
3055
6766
2458
4159
4218
1045
5351
119
5621
6160
5644
5846
3855
6983
4952
4815
3111
4314
1131
1771
2326
3854
2569
3565
6442
3793
3075
6434
6596
7068
5562
5573
5369
7117
1926
1559
2045
2530
2890
5793
3178
3861
220
836
799
5084
2424
6826
5504
1022
2350
4162
3397
866
4573
6924
5624
4222
2107
3980
2703
3455
5122
6791
4155
6859
556
773
5881
5050
1227
5222
2631
3114
3389
1910
3958
4014
3166
4483
210
2325
5546
5622
5684
7026
211
184
285
4499
2002
2128
5148
2895
3028
2514
4552
5055
4883
4890
5689
4291
6829
6754
6936
4786
412
877
1560
1664
2068
4161
4735
369
6325
5795
6217
5979
6040
6337
6423
4793
994
1617
1936
2323
221
2503
3107
4287
4190
4315
4554
4772
4895
5009
4116
5683
4206
1510
4907
4974
850
3281
341
418
5619
596
721
2228
746
1062
3687
1320
1448
232
1968
4684
2164
2285
2289
2371
3266
1409
3901
3850
4726
6011
4902
5019
6251
5700
5601
6591
484
5790
957
3627
3821
2539
4863
258
5552
5714
872
6666
424
2079
6708
3869
4846
3561
3278
489
5845
793
4715
4949
6550
6132
2055
4649
3246
3372
4104
4780
4542
4646
4874
5080
6184
5103
4751
4471
6311
6387
2528
6899
1015
1054
5460
1451
1191
1236
1428
1687
5085
3216
2153
4592
2232
7112
3327
3467
3975
1907
6701
6292
2436
5070
5604
6229
5355
6935
6972
281
1984
1343
1613
2148
2201
3609
4328
2393
2571
5406
2983
3881
4002
4351
4795
1301
2586
6163
6333
6869
3637
767
1875
6283
3078
1248
1419
2734
2187
2340
2358
3349
6716
6798
6779
3348
3802
2573
4847
6499
5586
5704
3308
6151
3736
2185
499
2510
4657
4016
4256
4583
7091
3662
7124
912
6416
1324
606
5045
6840
1381
2382
2486
2521
472
4651
1467
553
5938
4360
6275
6071
5943
1624
2126
2154
342
2882
4223
1352
693
6988
4625
6241
3003
3033
4690
6686
612
1187
3070
1009
2788
4708
6107
3914
3797
5021
6916
5588
7103
4303
447
1117
2003
1412
3296
3226
686
4023
1966
4604
5126
5737
5317
5647
6472
6502
6929
2244
4561
1211
1394
3257
1967
5840
3104
3248
4057
4081
6414
4941
5201
5220
582
6235
4428
608
718
2072
4758
1303
6836
1797
5580
6569
1688
4967
5826
5988
4134
6858
261
549
574
1057
2612
1930
7024
3499
3823
3957
4492
3135
4677
5205
3251
2400
5985
5634
5950
592
2883
3225
1330
3649
3749
3920
3730
4234
4260
2583
1905
5964
675
2755
4523
6815
6072
2029
2139
366
457
2174
2206
2295
5914
2869
6256
3655
1096
3665
6584
5359
1042
2972
6116
6255
3469
2019
92
2548
2773
4447
3959
3157
1934
3093
5420
5508
5918
6266
6286
3890
402
465
4745
1004
1263
4340
5280
5916
769
4387
6476
4647
4380
7111
5639
6515
1442
538
647
1262
1331
1397
1524
1645
2328
2394
2508
1309
716
4551
5383
5415
6319
1026
1440
1151
3518
2817
1738
3488
7057
3952
4835
2647
2308
6938
5995
6237
6650
6554
6577
2428
6887
6933
7116
4332
6466
2789
3829
4892
5810
842
1216
1278
6522
6517
5510
1798
2431
1461
1790
3304
3795
3962
4037
5701
5211
4228
502
214
1292
1328
1411
1634
3208
4200
1705
3858
2359
3497
1674
3275
3384
4546
5299
5345
1350
6616
6725
6865
3863
4790
1868
2247
2881
2975
3187
5998
4464
3141
5064
5380
3190
5764
6603
7121
521
3819
4682
3630
1390
1404
2367
2303
6918
4405
4574
4965
5035
5902
1365
6408
334
6462
758
881
1296
1708
1728
2166
3404
2787
3355
4121
5295
4198
4719
4886
3400
1027
5956
701
3302
4873
4424
5589
5629
5741
6068
1229
1325
2952
3105
4006
5287
5248
192
4839
1244
1369
851
6100
2069
1987
4429
3916
3094
3130
3270
1836
3444
4679
3550
3591
4049
3777
4348
4485
4565
6049
6618
4733
1103
4933
6198
1302
3370
742
961
1228
1622
2353
3183
5329
6455
6652
5890
4595
2443
4739
5023
2211
3826
6263
4235
1075
2357
2944
2538
5237
6470
2876
3342
6986
5590
4829
5255
5411
6672
2808
1785
800
6713
1340
1693
2311
5529
1541
6357
3254
3345
3382
3618
257
4195
5311
6878
1929
6279
5839
4984
6037
3330
3340
1815
5145
5113
4508
6444
6902
1420
3030
5968
6050
6425
760
2933
1786
5698
4322
511
642
3354
852
1646
2054
2081
3412
2900
3973
3751
4226
4909
4784
5860
5989
6028
6106
6181
5506
4357
1214
2050
2372
685
4425
3289
391
6681
4046
6594
5118
4611
1267
1991
3547
4820
2258
2343
2467
3242
3312
1
4336
2305
1033
5729
6031
5723
5836
254
1769
962
6331
3787
2020
2641
3098
2918
3882
4034
4092
2745
2173
4884
6600
6943
6453
1878
352
360
438
787
1266
2759
1861
4881
6702
3848
6314
6487
6615
6848
279
943
2041
2638
3273
4180
5155
4335
2764
5608
2334
1563
3614
6032
2162
4398
2660
1288
2915
4956
2056
5952
6081
510
2957
251
401
1556
4243
1712
1960
2302
1644
337
4744
4579
5212
5276
528
665
5999
6868
5569
4467
2959
3247
6202
4958
5167
1522
5986
6864
7094
4761
4645
673
1530
2951
5676
2834
6901
3636
199
6205
3707
7008
4152
5594
7079
4752
1505
5606
2544
6894
6576
6793
6269
5052
2595
6374
6649
1835
6966
576
3623
3650
6039
4298
3851
5515
6915
5090
2390
5670
704
6664
2781
3456
2341
3181
6177
482
812
991
1422
3836
6789
4267
4550
316
372
1850
705
6175
891
1258
1796
2238
2779
2837
2851
2885
1501
3763
5749
5005
393
1681
5534
2391
2257
1775
903
5768
2836
1558
2828
2636
1256
6904
5096
5830
6114
6287
6755
2478
3964
892
5960
2392
4099
1633
387
683
2850
3160
2239
3939
7000
6430
3124
627
688
4570
2140
3025
3880
2853
5958
2750
1110
4577
3634
5407
5671
5870
7060
6942
792
2312
3575
1654
5699
3961
4450
3193
4770
5962
1298
5347
699
5944
2396
2744
765
1963
4755
3123
4086
6781
4990
5970
6190
4658
73
3129
2623
6228
1415
1768
2628
2721
3951
6775
4446
6473
2177
1275
5631
5871
7120
5823
5361
1012
3526
4555
2122
4887
4864
3784
3301
4659
5974
4041
3026
2015
5087
6456
3471
3647
4671
5747
6041
6045
6382
518
3214
320
6867
2772
5030
4178
6857
7041
2743
3917
3235
3317
5898
193
6845
4126
3306
3398
3286
5181
4697
5568
2605
4859
5221
5685
5769
6001
6518
624
635
6601
6611
3189
2711
3319
3466
4179
4170
6842
4427
4526
1952
5872
6059
670
983
4811
1299
3315
5117
5780
6400
5335
2606
707
6232
3915
2964
3949
4430
5099
5139
6191
3239
4746
3768
2012
6818
3520
2879
3842
4519
5882
1475
6534
5934
266
775
984
5743
2006
1526
1689
5521
2934
5334
5937
6019
273
6883
1585
2441
565
5873
6810
1842
2093
3058
3729
5605
303
309
980
1007
2141
2563
2692
5592
7056
4013
6564
4878
348
897
2179
960
4220
6819
2260
2119
3449
3906
4442
1035
6056
379
4800
6923
2429
1024
5374
1083
1568
3519
1658
1853
4510
6440
515
4710
5033
6877
6957
967
682
1438
2771
2998
2462
3373
3195
3679
4321
4856
3288
2947
5545
3479
3667
4529
4695
2316
1665
6474
4797
375
4813
1247
6958
4872
5350
3238
3363
832
5821
6512
6571
692
1512
796
2329
3228
3249
6024
3496
3689
5043
4806
5583
584
353
823
5564
4776
5047
5115
2047
6082
2849
1803
3522
4273
6721
706
597
5799
7062
3944
4018
2168
5308
5983
6811
7114
743
2225
1031
1944
2191
4072
2313
542
2499
6196
4628
1961
5272
4520
3894
1601
3924
2399
3039
5293
6207
4153
6847
3031
306
616
2617
1537
2190
2722
3514
5269
458
345
6153
6960
3152
3043
3956
1550
1969
6710
6226
593
5864
1632
2189
2200
3799
3096
2520
5379
3464
3019
5078
1649
6242
6532
153
3357
2318
2615
2884
5102
1970
2766
1269
2476
333
4435
5765
2352
2575
6004
6541
2833
152
7037
370
5133
5721
1326
2203
3180
1065
6102
535
1113
3477
4655
1544
1557
1780
2095
3832
6549
6516
4681
4824
6990
6609
5304
322
6353
2910
1506
1575
1800
2027
3297
4062
4665
6606
577
470
1359
3191
5216
4557
5146
4966
6136
6246
4788
619
2131
2519
1920
2754
2929
3047
253
5946
5256
5660
6822
376
761
1921
2292
3027
6051
3696
3699
5445
4841
5919
3765
3113
5062
6680
6117
6997
5834
4792
5603
5850
6752
4528
561
2013
2117
6528
3552
3804
4672
4676
5006
6707
1889
6142
6620
3529
3559
5554
3528
7080
513
5215
3510
1200
1598
1734
2059
2220
2288
2622
5265
6920
625
6647
1667
1174
1899
3712
2044
4894
2604
1636
1195
3090
3255
4891
5003
5209
6860
6833
5324
981
3999
6428
2687
488
713
1274
1577
6695
3983
4568
1725
3125
3334
3487
3517
4120
5976
6121
6536
6734
6033
2515
855
6548
5014
2252
4452
3507
4633
5813
5766
6171
236
6638
750
2017
2512
7083
2903
6468
5302
5829
622
3069
429
2101
5783
5646
3083
5318
5848
1656
7054
5083
1091
7073
2940
6922
6002
2193
630
5251
5626
5953
6204
6633
6334
1481
1919
2484
4885
5746
5058
2192
411
1483
2118
5313
6323
2531
1655
570
6874
4524
4701
6947
1289
1838
2470
3351
2338
5726
947
5328
2871
1470
6678
6149
564
6285
5910
4312
3480
4022
4698
6854
282
491
631
4540
5336
2942
2916
4236
5675
1817
5706
5959
6405
6415
1082
1108
5633
3359
3403
3571
4392
5673
6197
3593
7078
1884
753
926
1279
5059
3900
3493
3831
6911
5402
6201
385
739
1703
2845
6837
398
3745
3174
4590
3329
4643
6514
4985
1724
5794
6373
4331
548
987
989
3938
1821
1995
2578
6631
2949
4139
5214
5286
6225
6069
1992
6469
3743
3588
1344
1740
2965
5162
5888
3366
3628
6937
6604
6457
4927
4946
446
3695
893
5225
1561
2188
2306
2905
6732
6737
4785
5371
1676
5557
3001
230
5789
386
1037
1437
1447
318
2907
4168
2859
2984
3204
4091
4149
4326
4266
1063
6222
6268
3940
1016
3798
562
2178
4757
1312
1358
5418
911
4876
6288
6625
7105
954
7033
2134
2599
2489
2681
3752
6963
3387
3515
5056
3597
5727
1099
4440
4763
6347
6612
6875
271
4487
529
4662
1606
1935
3337
3965
4129
4669
4759
5224
5703
6290
6420
1028
2976
2132
2294
2113
3755
3568
356
2112
822
5017
6560
5353
6598
1366
614
1399
1424
5771
5316
2894
3985
4164
4347
3143
3602
6454
655
1382
5843
1783
6619
6595
6605
5129
6340
6064
3062
4422
4009
2585
2803
3323
3476
3738
4241
4344
2616
4857
6016
6928
498
1019
3847
4413
4541
5207
6253
5381
2210
5499
332
6486
1871
4505
1430
2176
3110
3385
3786
3930
6013
710
6342
392
672
2961
1545
6626
3198
3240
6482
2587
2337
5750
5680
1792
2205
2567
5751
1076
3909
6086
938
740
1282
2123
3365
4821
5022
459
5748
3048
7097
788
5770
1334
6886
321
4768
2227
6761
3276
3718
1449
5333
4054
6898
3128
291
560
1750
1230
2565
2841
2275
4535
7012
6391
3652
5636
1032
2060
2088
2549
5921
2802
2804
3194
4775
4055
4213
5259
6429
5713
526
602
7017
992
1758
1948
7063
3314
2559
4067
1433
6280
845
6575
4182
512
1709
1290
1210
941
575
2572
4201
4365
4991
5391
5602
5728
6558
2607
2401
1714
1684
305
1814
6007
6335
2552
3622
6390
4699
764
4176
5089
3638
5808
6412
2320
2716
3091
2736
4906
3835
4306
5841
557
1911
2089
2465
5878
2505
2706
5124
3646
4930
2092
5805
6316
6731
874
6740
2161
3035
1001
2649
3109
3298
3379
4496
4840
4914
5717
6128
5897
6835
738
3071
5867
2124
2741
3615
2479
1006
4934
6307
304
3803
5715
3856
4714
5804
2948
2761
3061
5977
6581
4107
4742
4144
2276
1429
1499
2008
618
4252
4371
1993
1730
4038
6759
6378
3516
1576
1719
4026
2071
2892
3092
3658
1241
5659
973
965
3584
2412
2513
1737
3865
4327
5620
3756
5618
5980
6555
6930
952
3506
4341
2035
5074
5015
3369
6976
5610
1840
6790
1172
2016
1887
3260
3318
3426
3624
5842
3966
3991
4232
5443
4638
5183
6658
4215
4042
338
427
1980
3898
5386
1332
666
5468
5298
7107
6985
1715
5627
2028
2354
3217
3837
4686
4687
1342
5192
5535
1237
399
756
463
1119
6404
868
6475
4420
2981
486
1964
6150
6158
2970
6458
5954
1084
1702
2588
3115
5376
248
6289
7061
408
2464
590
674
3236
939
1005
1020
1938
5538
2757
6389
3074
3224
6101
4962
3244
6034
1306
6940
5679
3818
5570
6141
3132
1831
5178
6130
5326
901
2725
6770
314
3632
2046
2566
5576
6628
6427
6806
7088
886
3860
1572
1746
5903
2506
5519
4639
5048
5581
6238
6827
5886
2824
5338
405
1102
6363
3108
2986
6077
7095
7049
7113
4756
1922
7096
311
5941
808
1271
2815
524
4352
4494
6418
6772
1393
5774
1877
7035
6075
4131
4948
508
6646
4943
4441
5548
2261
240
1305
1319
3470
5555
2498
1232
1637
1799
3545
4743
6838
5707
522
1764
5049
1574
2827
6216
2858
3794
6776
5609
3046
4999
4214
5710
4390
3579
336
6643
5856
933
1362
898
2332
2630
3416
6431
5032
5617
5772
6233
3505
3073
4653
1707
3670
3610
4275
5811
436
519
5134
6432
4386
4109
749
357
4830
3338
3175
4058
3346
384
6500
6863
283
4685
1363
1532
4637
2217
6553
3106
3303
3052
5104
5708
6961
1378
656
1902
2094
2180
3006
3946
2291
2463
3223
722
3427
5637
1685
4916
5967
2919
6189
6021
534
2000
790
969
2635
1580
6645
1997
1697
1818
2307
4899
6507
6629
407
550
4654
1562
1810
3386
6784
3893
3088
5093
6797
5928
4971
4765
5325
1756
2963
3433
2987
6185
235
7108
1317
1335
970
3737
3188
2877
6663
2793
1164
4652
2939
3282
2878
4230
1673
6492
6694
299
589
1329
5217
1538
7034
6164
3435
4211
2172
5200
2130
5314
1981
6301
3580
237
2085
1231
7081
6010
1507
5725
5188
4166
731
3292
5718
6131
1691
6777
5939
6133
3883
4530
770
2493
5213
3265
2487
4181
6489
6236
1517
958
469
2221
410
3064
2075
3771
2591
4673
5591
6139
2842
578
7106
3761
3789
6593
4077
4268
5822
4502
591
6998
700
3138
857
1652
2025
2542
4777
1809
4889
4281
1107
2644
5816
3421
4476
4640
4667
6722
6910
2536
1126
5494
1251
403
1100
3364
6498
1201
2785
3899
4338
5935
3121
6448
6689
1388
1410
1360
2564
2735
4102
6203
3583
2738
1610
5664
5852
1021
3034
3557
1432
3913
1295
4678
4675
4848
6851
4888
4924
1348
1485
2483
2500
2696
3024
4831
4826
4713
6682
1284
1607
1291
6526
6530
381
774
945
2096
663
6655
468
668
3463
2144
2380
6282
5430
5141
255
1043
1413
3099
3176
6945
3887
6821
940
5844
4137
2184
2195
2874
4875
3531
7039
5060
3343
1314
5820
6538
6981
2212
547
1307
1313
4305
2731
2819
2872
4880
247
3576
2214
3350
3436
4156
4462
5204
5016
5073
4056
1400
643
1663
3596
6446
5131
4730
4490
1727
6757
988
3891
5362
3079
5277
6651
5273
569
1696
6221
1407
1744
1897
5053
5098
388
5917
6934
1627
6674
358
6533
440
3713
1011
4683
5687
4454
640
6073
887
1002
1504
1845
2116
6931
4791
5399
6692
3643
2541
5578
1239
2749
2777
3252
5862
5955
1931
5253
3118
5076
4624
1322
4509
1824
6009
6953
5242
6582
7032
815
1822
3953
1917
4644
6853
5330
5597
1816
6809
