2025-05-14 23:25:33.572397
[1.0, 1.0, 1.0, 1.0, 1.0, 1.0, 1.0, 1.0, 1.0, 1.0, 1.0, 1.0, 1.0, 1.0, 1.0, 1.0, 1.0, 1.0, 1.0, 1.0, 1.0, 1.0, 1.0, 1.0, 1.0, 1.0, 1.0, 1.0, 1.0, 1.0, 1.0, 1.0, 1.0, 1.0, 1.0, 1.0, 1.0, 1.0, 1.0, 1.0, 1.0, 1.0, 1.0, 1.0, 1.0, 1.0, 1.0, 1.0, 1e-08, 1e-08]
0.9600000004
instance have checked: 25.0
2025-05-14 23:25:33.640186
[1.0, 1.0, 1.0, 1.0, 1.0, 1.0, 1.0, 1.0, 1.0, 1.0, 1.0, 1.0, 1.0, 1.0, 1.0, 1.0, 1.0, 1.0, 1.0, 1.0, 1.0, 1.0, 1.0, 1.0, 1.0, 1.0, 1.0, 1.0, 1.0, 1.0, 1.0, 1.0, 1.0, 1.0, 1.0, 1.0, 1.0, 1.0, 1.0, 1.0, 1.0, 1.0, 1.0, 1.0, 1.0, 1.0, 1.0, 1.0, 1e-08, 1e-08, 1.0, 1.0, 1.0, 1.0, 1.0, 1.0, 1.0, 1.0, 1.0, 1.0, 1.0, 1.0, 1.0, 1.0]
0.9687500003125
instance have checked: 32.0
2025-05-14 23:25:33.691600
[1.0, 1.0, 1.0, 1.0, 1.0, 1.0, 1.0, 1.0, 1.0, 1.0, 1.0, 1.0, 1.0, 1.0, 1.0, 1.0, 1.0, 1.0, 1.0, 1.0, 1.0, 1.0, 1.0, 1.0, 1.0, 1.0, 1.0, 1.0, 1.0, 1.0, 1.0, 1.0, 1.0, 1.0, 1.0, 1.0, 1.0, 1.0, 1.0, 1.0, 1.0, 1.0, 1.0, 1.0, 1.0, 1.0, 1.0, 1.0, 1e-08, 1e-08, 1.0, 1.0, 1.0, 1.0, 1.0, 1.0, 1.0, 1.0, 1.0, 1.0, 1.0, 1.0, 1.0, 1.0, 1e-08, 1e-08, 1e-08, 1e-08]
0.9117647067647059
instance have checked: 34.0
2025-05-14 23:49:30.010370
[1.0, 1.0, 1.0, 1.0, 1.0, 1.0, 1.0, 1.0, 1.0, 1.0, 1.0, 1.0, 1.0, 1.0, 1.0, 1.0, 1.0, 1.0, 1.0, 1.0, 1.0, 1.0, 1.0, 1.0, 1.0, 1.0, 1.0, 1.0, 1.0, 1.0, 1.0, 1.0, 1.0, 1.0, 1.0, 1.0, 1.0, 1.0, 1.0, 1.0]
1.0
instance have checked: 20.0
2025-05-14 23:49:30.028514
[1.0, 1.0, 1.0, 1.0, 1.0, 1.0, 1.0, 1.0, 1.0, 1.0, 1.0, 1.0, 1.0, 1.0, 1.0, 1.0, 1.0, 1.0, 1.0, 1.0, 1.0, 1.0, 1.0, 1.0, 1.0, 1.0, 1.0, 1.0, 1.0, 1.0, 1.0, 1.0, 1.0, 1.0, 1.0, 1.0, 1.0, 1.0, 1.0, 1.0, 1e-08, 1e-08]
0.9523809528571429
instance have checked: 21.0
2025-05-14 23:49:30.047644
[1.0, 1.0, 1.0, 1.0, 1.0, 1.0, 1.0, 1.0, 1.0, 1.0, 1.0, 1.0, 1.0, 1.0, 1.0, 1.0, 1.0, 1.0, 1.0, 1.0, 1.0, 1.0, 1.0, 1.0, 1.0, 1.0, 1.0, 1.0, 1.0, 1.0, 1.0, 1.0, 1.0, 1.0, 1.0, 1.0, 1.0, 1.0, 1.0, 1.0, 1e-08, 1e-08, 1.0, 1.0, 1.0, 1.0, 1.0, 1.0, 1.0, 1.0, 1.0, 1.0, 1.0, 1.0, 1.0, 1.0]
0.9642857146428572
instance have checked: 28.0
2025-05-15 09:00:14.014259
[1e-08, 1e-08, 1e-08, 1e-08, 1e-08, 1e-08, 1e-08, 1e-08, 1.0, 1.0, 1e-08, 1e-08, 1e-08, 1e-08, 1e-08, 1e-08, 1e-08, 1e-08, 1e-08, 1e-08, 1.0, 1.0, 1e-08, 1e-08, 1e-08, 1e-08, 1e-08, 1e-08, 1e-08, 1e-08, 1.0, 1.0, 1e-08, 1e-08, 1.0, 1.0, 1e-08, 1e-08, 1e-08, 1e-08, 1e-08, 1e-08]
0.19047619857142856
instance have checked: 21.0
2025-05-15 09:00:14.020660
[1e-08, 1e-08, 1e-08, 1e-08, 1e-08, 1e-08, 1e-08, 1e-08, 1.0, 1.0, 1e-08, 1e-08, 1e-08, 1e-08, 1e-08, 1e-08, 1e-08, 1e-08, 1e-08, 1e-08, 1.0, 1.0, 1e-08, 1e-08, 1e-08, 1e-08, 1e-08, 1e-08, 1e-08, 1e-08, 1.0, 1.0, 1e-08, 1e-08, 1.0, 1.0, 1e-08, 1e-08, 1e-08, 1e-08, 1e-08, 1e-08, 1e-08, 1e-08]
0.18181819
instance have checked: 22.0
2025-05-15 09:00:14.038254
[1e-08, 1e-08, 1e-08, 1e-08, 1e-08, 1e-08, 1e-08, 1e-08, 1.0, 1.0, 1e-08, 1e-08, 1e-08, 1e-08, 1e-08, 1e-08, 1e-08, 1e-08, 1e-08, 1e-08, 1.0, 1.0, 1e-08, 1e-08, 1e-08, 1e-08, 1e-08, 1e-08, 1e-08, 1e-08, 1.0, 1.0, 1e-08, 1e-08, 1.0, 1.0, 1e-08, 1e-08, 1e-08, 1e-08, 1e-08, 1e-08, 1e-08, 1e-08, 1.0, 1.0, 1.0, 1.0, 1.0, 1.0, 1.0, 1.0]
0.30769231461538465
instance have checked: 26.0
2025-05-15 09:02:49.547554
[1.0, 1.0, 1.0, 1.0, 1.0, 1.0, 1.0, 1.0, 1.0, 1.0, 1.0, 1.0, 1.0, 1.0, 1.0, 1.0, 1.0, 1.0, 1.0, 1.0, 1.0, 1.0, 1.0, 1.0, 1.0, 1.0, 1.0, 1.0, 1.0, 1.0, 1.0, 1.0, 1.0, 1.0, 1.0, 1.0, 1.0, 1.0, 1.0, 1.0, 1.0, 1.0]
1.0
instance have checked: 21.0
2025-05-15 09:02:49.551227
[1.0, 1.0, 1.0, 1.0, 1.0, 1.0, 1.0, 1.0, 1.0, 1.0, 1.0, 1.0, 1.0, 1.0, 1.0, 1.0, 1.0, 1.0, 1.0, 1.0, 1.0, 1.0, 1.0, 1.0, 1.0, 1.0, 1.0, 1.0, 1.0, 1.0, 1.0, 1.0, 1.0, 1.0, 1.0, 1.0, 1.0, 1.0, 1.0, 1.0, 1.0, 1.0, 1e-08, 1e-08]
0.954545455
instance have checked: 22.0
2025-05-15 09:02:49.555846
[1.0, 1.0, 1.0, 1.0, 1.0, 1.0, 1.0, 1.0, 1.0, 1.0, 1.0, 1.0, 1.0, 1.0, 1.0, 1.0, 1.0, 1.0, 1.0, 1.0, 1.0, 1.0, 1.0, 1.0, 1.0, 1.0, 1.0, 1.0, 1.0, 1.0, 1.0, 1.0, 1.0, 1.0, 1.0, 1.0, 1.0, 1.0, 1.0, 1.0, 1.0, 1.0, 1e-08, 1e-08, 1.0, 1.0, 1.0, 1.0, 1.0, 1.0, 1.0, 1.0]
0.9615384619230769
instance have checked: 26.0
2025-05-15 09:05:31.398758
[1.0, 1.0, 1.0, 1.0, 1.0, 1.0, 1.0, 1.0, 1.0, 1.0, 1.0, 1.0, 1.0, 1.0, 1.0, 1.0, 1.0, 1.0, 1.0, 1.0, 1.0, 1.0, 1.0, 1.0, 1.0, 1.0, 1.0, 1.0, 1.0, 1.0, 1.0, 1.0, 1.0, 1.0, 1.0, 1.0, 1.0, 1.0, 1.0, 1.0, 1.0, 1.0]
1.0
instance have checked: 21.0
2025-05-15 09:05:31.405577
[1.0, 1.0, 1.0, 1.0, 1.0, 1.0, 1.0, 1.0, 1.0, 1.0, 1.0, 1.0, 1.0, 1.0, 1.0, 1.0, 1.0, 1.0, 1.0, 1.0, 1.0, 1.0, 1.0, 1.0, 1.0, 1.0, 1.0, 1.0, 1.0, 1.0, 1.0, 1.0, 1.0, 1.0, 1.0, 1.0, 1.0, 1.0, 1.0, 1.0, 1.0, 1.0, 1e-08, 1e-08]
0.954545455
instance have checked: 22.0
2025-05-15 09:05:31.416868
[1.0, 1.0, 1.0, 1.0, 1.0, 1.0, 1.0, 1.0, 1.0, 1.0, 1.0, 1.0, 1.0, 1.0, 1.0, 1.0, 1.0, 1.0, 1.0, 1.0, 1.0, 1.0, 1.0, 1.0, 1.0, 1.0, 1.0, 1.0, 1.0, 1.0, 1.0, 1.0, 1.0, 1.0, 1.0, 1.0, 1.0, 1.0, 1.0, 1.0, 1.0, 1.0, 1e-08, 1e-08, 1.0, 1.0, 1.0, 1.0, 1.0, 1.0, 1.0, 1.0]
0.9615384619230769
instance have checked: 26.0
2025-05-15 09:18:13.975489
[1.0, 1.0, 1.0, 1.0, 1.0, 1.0, 1.0, 1.0, 1.0, 1.0, 1.0, 1.0, 1.0, 1.0, 1.0, 1.0, 1.0, 1.0, 1.0, 1.0, 1.0, 1.0, 1.0, 1.0, 1.0, 1.0, 1.0, 1.0, 1.0, 1.0, 1.0, 1.0, 1.0, 1.0, 1.0, 1.0, 1.0, 1.0, 1.0, 1.0, 1.0, 1.0]
1.0
instance have checked: 21.0
2025-05-15 09:19:59.410990
[1.0, 1.0, 1.0, 1.0, 1.0, 1.0, 1.0, 1.0, 1.0, 1.0, 1.0, 1.0, 1.0, 1.0, 1.0, 1.0, 1.0, 1.0, 1.0, 1.0, 1.0, 1.0, 1.0, 1.0, 1.0, 1.0, 1.0, 1.0, 1.0, 1.0, 1.0, 1.0, 1.0, 1.0, 1.0, 1.0, 1.0, 1.0, 1.0, 1.0, 1.0, 1.0]
1.0
instance have checked: 21.0
2025-05-15 09:21:55.531189
[1.0, 1.0, 1.0, 1.0, 1.0, 1.0, 1.0, 1.0, 1.0, 1.0, 1.0, 1.0, 1.0, 1.0, 1.0, 1.0, 1.0, 1.0, 1.0, 1.0, 1.0, 1.0, 1.0, 1.0, 1.0, 1.0, 1.0, 1.0, 1.0, 1.0, 1.0, 1.0, 1.0, 1.0, 1.0, 1.0, 1.0, 1.0]
1.0
instance have checked: 19.0
